$ANSIBLE_VAULT;1.1;AES256
38353634393038666333663039336262383865653061313063646364663039666466643934653866
6465343832326333383930316338613333633939653962330a346439356261636366643534326562
62303965373431336434306664313165643761623733653431393736333232653561396233626166
3036623665303936360a353463396635653561643836363339353766333637643831666361356636
39396536363336613164626162343030646437313833303435336638623534613337356131393134
32303332396361393938616132323530613237633839326233333837613361643538326539623164
33636436323035363064353238323338316137373062643361326239626433313436663061336633
34313966333233356639306635356330333665353930316337313530613330373934623164363165
30313832363234376333656434336437366261333630633837643131623962636561303936303535
34663839666239376535646132643964623431363862616231383134663331623335393161346230
30353663313962313165633631363463346564373062643563613430653838306634613734616666
64323962336137323636363061363537393763343137653438363032353163373537663231393439
30323938303338623739636264373535393632343231653163373932316237393530333239313331
31363431353361343666653730363136643633323535636531363235323564376662383761336266
66653761316663363562636634323961376566363562363233656434376432383535663262613135
31303932616132633634366136663431633562653765373966346530333264363061363864646538
34336435353036616633306434343166376264303135383965343261633630363666663930623032
65323566323333333833346530636562626265323339316539666235383964613862303861366462
34326263633338306631643430346237393033353363313934316235623339646464363235336637
30313832376336386331613065313933366130303433363866373965313866376537656138646262
33346433326534653832626363326135303033643065323730666439316138633661623530653939
35303538303932313332613965666566623666303866353235376630343065636366363035373637
363237643862376434623930313162323031
