$ANSIBLE_VAULT;1.1;AES256
65336133393730383335343665326538626462393539666233363461666161633233323861356261
6339346462343864353235383331323131653662643237350a353636366538366264373965663935
35633537643131376161323332393966373037323263653738616361353861313231363732333666
3833616563623732660a386430306530626563383862366538393933316364303838646163363534
30393435633863353539666533636533313039613632663566323364373663643032656235636462
35633932323538343130333466323735333034333035613034653638376537323561383033656133
64643531373764373036323338653163346131346162323066356636663531363665613863613037
37396433613337616161623037653735623265363331306338333431623166376361396138376436
35636637633766303638663162626665386138356634613331383034623838396165363131353965
30633662633238666332613664666539626132313530323337373363326532303461356430643836
39336461646630383132613462636362353937336237383863336535353564666263393761363430
61623232623763383861396262363563356439323032336630613832313035616234393130633232
66616333313734376234653630326438323333616564636636623331363833393066666465396138
30343835656634323963313734623736643232613236333335663233666337326363316133383263
66396136646537653334366364333366616534663133633237366662306264343431366565636261
35666663356232346533333938396433393765396137323636353237363231323437613432363437
32326330626266373333656364376334393164356361663966303935303135356238653234376663
39326430613538323466366462386365376566373062643265356339623330306665366338373166
61633734396230636366313561393035313136623162343763316564376234396564363834626139
39616634656361323830313563393734386332653266383163346132303436396633626566393832
64363338363337333736616563643636616636376137326435376661616161343661343636663235
30353431663963666639333834623465323861303532663065353838303030623732393334366264
61646662383763333264326261646535383733376363386562353863353737363063326533633039
61626131326233643439
