$ANSIBLE_VAULT;1.1;AES256
61633537646533636232393534363034663764383839393561376530356638643962343532333134
6634663232383961646635333734323763656361383133640a653764633037356232323564616530
34333634366539396333616434313866666130366663666634363262336230303462633566313539
6463666537383463320a636232336331663536356337303165613731393063633037383731316134
65363934323432393438326562623132393234393166373564333533383435326139393934313335
39313636383034346432666539393465313665303962393438376461316361343837643232316335
63373130626666323665666436333132623631393962366636303932343935613766643630323933
39343237333132633663333237306461303334643862393538643338633564373439613233376565
38313966373637616531346266323261386630656363613865396332626166303330323132353633
37353632303766663564323962666238663437326633366637303231363539396238396231656361
61613338376165373234323239646233666635363936646138626262346630313433343739313263
32646439356366653936333637323864316635663564393137633632613361313734363031343530
62623730336336306265363262366630373736333336626261346430356665383530306339623633
62633731333365626636323133656261633262636236616537633237396632613131313065383764
34326261316230613434323032333432373037326538383865353466306432393834356661643131
33346264633164633037613764336537386339303734306633613139316461323562343464376561
63373731353938663736623966373433646538623536366433306566623331636638386562633730
33376338663238663763383039373763393938613565656165346366363033353462373766313839
34373539376233663365386631653539353831356434323665656239663831396265313561386533
34333064613437326537373232636237356431363865306338383839303361626337353039303264
30643237666232653638663464343231633937643433363130313237303632633562313830613732
32646139323261336462366235316636633433306663373761326635306434363561363832623234
64656639643332623133636532383064333263633666373936623738383163306633646533613334
64663638633236636466316132353636396164346464636530666436393332646230663665643163
65616533666638643961333432656461363661343966303161626337343138346331656563306536
33346666386262333436356634366666626635653930633132363361653235646263646635333765
30333738383037653733333037636435663633306461366537623030623434663834386465353362
65396164393035656230613130656437633138386538653266653461343732313363333261323661
32303238643039386237343835383932363132383931633864633138393437316237343035633330
33336632333236653230633232646663343661343961386332303039326265613431303536316364
36656163666637633233393162363930353062646338613663663835306137383437303063313636
65653731613164366534336666663937363362373734383265323730336364313666373930343430
38633033333533306463343331626566656438386366326538656161363331353966613437376266
64303565303066356662363466653163373838393464313166626364383535646435646333653738
32633331383339376565626265333836343931393438336266373863326361376434623264383661
35366131623035303534653837316162383961633034313237663865613162643264666436373634
36653162333435343132313762646636323230643937343133613134376537633833653330643530
31663237323263643266303533373030393164636537636430373133663861626431643636663235
33323630336664386132393765613136663531393736393765366232643061333034346163626631
33363864303937643866643664346263666537323561333961396539383265333262653634613136
31363734626232333438623864653437663738363531623765303363313834313363656336376364
35613565306237336336613064653633653262646631613838643166623466323533663139383263
35333033613239313537643364663966396261363530313163323934393339316133383561363338
66366138643963646237323065623064323662343532653933363464626639643632646165336639
61326130313666653833653036376564323435306532636335383633316534373465636338613864
30313262653034333432303065623434363033616562643432666239323664613264653963363139
64323834346333636531393239643238336466626261376665326239633366393630306233616664
66323839336233633765666632366561333264343265663862653834323765366233626433643165
39383937646662366266373065356338333837306330343361363635303266653830
