$ANSIBLE_VAULT;1.1;AES256
32303031643064383963663864623737633235323361353135343731643234616164643461356430
6437316132383637313033663664323037373162353431320a633636353962356561306433643061
61643937376635376235313839303963343639636531653936383030363836336461393736363438
3136383730663532350a616538313261393130613037396331386232383134633539663830643061
65656638303864343437313234613739383033626136613231356138326238643331323433393230
66363432313039663238323064386332316533353663616464333563353430333437333066336431
32336535666536656332633534666663643964363231363734623636353864353834663537623539
31396231623866663262366635333265326136353161663238386335623665616635323962613531
62363537353031326136313633616262623832323436653134633464653433383464646130636466
61666337383362313963396462613363323438626262353266313538383733333339336135383736
61303638393066326664303434653464373538366463653563653034373939613765646330363439
30386635323538643763666537616530343034373838613830326432613030333365653335663535
37326535653832623062633939373539353833383461343632613633663530333939613537626336
35333835313066336263393336343137306435373536333261316633666263346134636263623332
31613735346135356265376230653036333337373238383663626662323565306237303434346536
31323335303262343933353464663337363231613963646135613335613064343634386435306133
36616261613831353732316530386162393065663037343662663161656666393839366132613761
64633530616630613963663432373236643464326535623032326433323238663334656162633238
38663466346566346333626537343932616163303031376538356163343630303731646635623331
37313662343864373037643262323433323764393766623135363065343832616463666135336435
61393566396366353365616366343535646632636335326530383533626235353838663135646239
65613735343039316361393462626336633836333431363130623839333635306562386463326662
31613237623765303632323233373162386636656162313761663765333964336430386139326237
66393866383931366139306631333664643762363165326331653062326164333233353532653462
33626131656439343836376663643338313134306538333838383434383232336161323630333131
37366663633662636265663862313137336264626532393462323365303366366166373730626531
64353863343239346164653264626239613935353763633761366235383036303465336338373337
30363535616565616430313536336433623934663566303634646363383132643436643362646435
33306332303536386566363366303464363666626531373339393464653234343232616462663739
62333436313038663035353338616431666538626665323063623533366531643533613238356564
33656132366234663661366335613065383165373230656166363538623563313264373937666537
61663733363935393438336132636263333663323763396166643762336330633836613261656136
63646239303937393633333230633439643066353638643034363431373333363338663335613934
65326634336236643665656662393665616633333965613930653361353562386162396536343237
63356234623833376361343764653864646139336166386437653939633361363164303139306330
34633263626338643833636433363862376638386538346335633033353739313731656639333435
61396361663064363733363162306138393533303731383332393865386338633131333439326561
34636363393538646532313639303538633265336530346463623266356162343866366565663135
32306638306362316664613537366237353863383332383630333935626238326437653566366262
65396363366530316461323635333233353739313963383763393834666661653466303666393437
31313233373861343433326131633464663261646432306634383631383565636437333430643765
64383463643966303337353039303534646337396365653939313561623066633264363535636662
61346262633733633065386637333035396239363161663361666138353663373931646630353164
30376166376333653034396338376665393166323366383861616434396238616261623036633962
37623165386635353363613564306634303162616336656364376564383763626338366439633064
66396336616137396633383233623461343634303861643233306562653165336161303833343736
35653939653433336432623266383633623862343136363163303630316136656634663766336138
35306663346438633131656263626436363364316166373938313963666666613664363433633962
38663931303665613761346535626666393230323666323439313231653839666138
