$ANSIBLE_VAULT;1.1;AES256
34663661336261633738333138653165626562303361633939303737303062343430363837633038
3638346162353538316630613364343566613165333938640a633239663632646237333038623436
30383933613166663432356361633136343361306438343462303335343637316432316232306264
3233656336363033350a626430303063323138346363323235393837633035653666623130333038
61363130633832643432613164363265323233336634323830626161663861666463383034363965
39343036366131373433633061633734316166346665363232653866613037303238343261306432
36303261333530383434613630336637333965343765396565613935306431613562653639303531
35626262313564346665373430626235663739633837626137363637393532303862643737633533
38666134633538373362376138316662326131623837363762653763356637396561306430643036
61393038326463386464656635343438393263326236373963376262653730313832613933323735
64363864666361623963326638373534326135663133666662633063373036616535623039303463
37373031333763653738306530616436613838363236616334623161383736653466363432303131
66623162666231326663346331353163313833323964323262636337343964373762653664626431
38616561613939613664393438626261646233313466306630656235383865323739353665636463
38363732303935643433616466373561326439326138636332626465393661366234643339366538
63376636633463316661633136366162383165353064356133373931636334383132323836376530
30386533653233326234383561313932353839366335323431303039316261363831393539613137
63653731666364666165333565613033623138356531653634666631616665633764323633356363
63336665643637316338313766623962356432346232613637653535303237396236306337626561
65346264373362303432373963636439316639333466666535376135303461633566313761336633
33363635393134353531386131373961636362656136303535613761643230656366633337383036
30356431633764363436636239316162326462613832646237623965373634356231303135666637
38653561303063313464646361663735346631346131616137363934646134613764663333653633
63303064383961346630
