$ANSIBLE_VAULT;1.1;AES256
30623865656462656538353562623238366264666166623561373235363362346537383731323032
6431343932663533373464386134623833636361306332350a623133306662346361633734633762
39646264326563386330386634653933626561656463336464383262666136656139643162333865
3363366539646130340a373264626135633039653938363665303237386165663262336239396665
35383166306262303630373664346361356534383138363537613665653934656337373665353961
62306335653164376361613266623833316464336634373335306431396166343034666665333635
39396537373838663936613731313963383262616139316261313135616466303436356563666639
62386131323739633563653634643231333334366334366463626166366635306461363439653736
65396563396164356666663738313631616565383239633366366231383937653131393536356332
62633061366561643635326663663631663938383064393530613839313030303865636464393935
61333061656364616236353038626438376339333534306634333631613837393934366262373366
65346666636539356432386139343266346238646335363134343365326263636339356361323730
30366662326461663330366533313865323663366132646536616138643535613639346330383935
30343565663037353631373465373439646463323330653930393237663936616563623536386637
30326331316236633534323330346366636465646135333164336232616633333835373236313638
35333365663836333538643430643935386437633965626235333062323738616163653666343261
38373337313831613832316135333531346664343332323934363431616238326261306362643039
37306264633663323563393439323461656164356632636537386465313436613439373764386535
62613238313865613437386330636464643134303733366133626664663563376236306335343737
36343130626435663762616439383161666339376535653332633930316334396266626266343830
37376331366432663539666335636438353964323934326135336633663230336334613632303462
31656637646235386338326335306230313562343061313638323939333135316237363764366536
39383263666636396537356365326166396534376537393839346666643532346531373634613465
30656336326362623839616263323963343965373134636466633366633032333266363539313935
30646562656665336335333532623562643264616133303332363162623437383762623966613532
63336530316131666462653838343034653464623637363563306135303930336363393734333561
34323437653865356366623836623837353434646663613563313937623933303661633832353465
64393233326638336230
