$ANSIBLE_VAULT;1.1;AES256
31663636316437383037343133336666633830656162653863333262316436366539623961373461
3332333738356532316330343163383531366263363033300a613839616162393639636636326132
62333061643830323830383932646136353864343466343363323163343062663365353963616365
6632623239386234340a353232653465396231313863373564316161373463653337636665656162
30343566363239376164626236343237363963316137363638633631626162353536383530366534
30613863323337623861663237343738633765306466373466653761356233386639633633366365
62316534323461656436316439626538303561383834326166383538646638663535636636663931
34326530333264316365376331633938356436356637346238366131623631383264303634643364
65393862646531373134636364396431303838313963383965623665353738646639653936613135
64383761386565643631323939313535326138633266306665653430356263363164643864656236
33653965316534613033656331656439336437663430326431616432383330653063363934346334
62383531393866393839373863643864613739326562623564336233316135616639316664646265
62616631623566636665633363616431356262306535656331393333616439656566316364613464
33326664643633646664333637656538326235333063346633393661663136323536626337383637
65376463613839663634346365383839633138353066303136313038393265396439343335643338
39363863313938646434306161343963303762666531356438623062386130666436663263346364
63623137356131666537656466313463386663396362636532303861346333383732313933386439
66663864356637653834326162383030393666643937363031303734353136336338366430373263
31313038326565316430626564323565313831663630363461393033336162353137663932313762
36393339323538666539373932656134353736323538353332363764616632363130306664333833
62663766353837306532303037636239626264363865396334303361633537363033646662363964
63623238333165313933666531396239626264626635666337653639653465343035353539396131
32393863666432613566313537363232646130313134306635646463386163396133653464316433
38333763303462616663623930326462306437616435333830643464663437313264343564643836
66626462613137386461646565616261313836326664656234653364303962373633623432383035
64333339343433366264663132613039366331396363303335333031343962633838653639633835
66653730383939636264666138653830353239386331653661306661616262313237666161623734
30336136313631373730
