$ANSIBLE_VAULT;1.1;AES256
30386230396436393232666337303964623137643936393333616636323565326538666536323636
6534303736316537323165363138646261663734396437300a343331323361333439613034396136
35306339326437653264666639653163333833663963386463653763316437663534393235393333
3566303965613261310a363633636235393762653565353639376434303764313431346166653065
38363831326361346339313834346361313830393830666331653633653466313532646463326431
32656265623164336539343236356631633164393664353438653735626338386639613265393065
38633534396363356238656137336139316364393638343361643763633937323335356365633237
62346163316461626639623334363064366361323733393263353631623665353061653062636437
31316662363834613265333932376561383333366238313261376634663662333733326333376261
36326366663331303665386137326638353631383338323639336634656435626530373635643936
31363563633738613761303866666266663930336335616138313236363132333131653766653262
66393238643933396635616132636237353966323164646432383534343637353235613163616231
35623563663337323136633237313439646563616263336639323634336532643438343261326363
34336135643736336131373633353433633962323039643863366162636431346164613230316665
36663938326563633164353064373638643837393030333064616232646638303339333837653033
39393830326161303764333033343865666238303263663366333364323634393430373830343963
33613666643063646339386335656261363032656434663831653830366139383764323233643037
31313536346162643664333230356338366163313039633431663636663332646263633239353931
37353865316638333237326630323738366530633633383634383036346131373036373035353262
63313632383365323132343063623837323963633430653066363835336239313430306339356463
66396434633666623435306464393236353962313931643434396232666338343334613865316534
61636631386463363062663466643434666564653933303461623562613436646162636364306362
65373731643738356361303463623930653235306130323538393863376334643166666465653238
35643331383935356233313363653233666238633839616162393734343739663333643831636331
32346436313032663139363263306134313764646564346466376461613964623631376132623136
66633566613338303732356335303661376363616238323661363864326233316666323333333265
38383763643063626266643263343361666666396234666138333563633132666634643536316332
62323165343136373635373239316634623838326662363336373136303266666536613165646666
6132
