$ANSIBLE_VAULT;1.1;AES256
35653337353037333364343462343938633565383763316262386166323633626266643731366332
3965643538633136653036306233373336306461653236390a616565343431353661373564396466
35663931666639666465383934366433613530346164626262663836336436326466346461373364
3135306265643834320a663766663538656561313734626164303161623764393862653935643237
31303161636639303736386466383931616663616231353238396465303634353339396130383539
37636135373462376662646635363332343632333765653061353762386531353031626637323331
62356538653366313334633433383831333935353132363762626363313461653839336534366563
38383130393939666436643635663039396662323962646637393766393432623433623038306433
63323738346634343531353566393533623835643331353866626465636639356434313135386435
31633835383033643330656262366561666438386666353330666533333735316536363766333730
36353265353363616530373862316465386137663831633537326366386366363364326362633863
37633761623534633533646363623261663130353162613639643334656536336237353834616332
37333639323530663465663761333730393265306632373335306164363363363463656135303438
36623231336366613034303964343536666363643232646139316263383261366261336530313261
63323063363331653666333232386638316239303839303536363665326663313563383738313238
64623561373135353738323061316630643164636232346430376534303836613138663638356232
63366632393062373264386163386664323864633833393036336665643966306665623331333465
34326564646232356139316361343630326561363831303164353335366638663837313534663362
32393438616139383165623966636134666638363935643535613637306434326636306534393132
37633138383530316666646334356366396666303737303961653761396538303235623039383138
65623461656637626539633334363866303964366239366632616364323930346339363263353664
33656630386536303137303539386161383066333562376532643533393064623634623935393934
62636233353038636435336433666434306137616165656266653363656535626135643434663530
30376430386561396336653632346136623431383364346534643739633237303865633765336461
65383965323531363334366664323363623938386162353961613537646265626363363364623734
31646430363234313432653931353964643733656265373561323765333563356130646232663932
66646662643439343962663732633138346336666437303139643133306161333762316564393261
31396661663535353539
