$ANSIBLE_VAULT;1.1;AES256
34343439656561386638643734346539616162313661323638616562383764386332383161393838
3931616464356537383637366263636462353638336539300a353834656232333561313832356666
61633036373666396365323830653436356530323631363034623536326531353234363264316136
6637636264343662360a306336336438636137373165616336313964346263623963663262376630
63616561346433316238643561643332633735383539623138633934383366626535376337313538
31646166376433383635393766363539653435333830326231343936383035313234623939393365
33386335616631663331356164363464323964313566383434653364626434653738613636343832
62366563623431393833636337653862653336313562616332393063633533323236636663353334
64396436663364653130373037306530323262353039626566363637336462383035316331323732
36353135356237393633613563353065656166643564616663663733633331366337353834333230
33653035373333383838333961626134366136313935393339653734366662653563613438313237
31626234346433363532
