$ANSIBLE_VAULT;1.1;AES256
32653566363238326135393265376131386131646462306362313933326532366138653033386532
6133393936383338656165656530633364656336373562310a356338376664353636393939643432
32313835616233613765353531323461626538393235336561373838376261623832363362383030
6363386565373163340a666265666538373336663561333161393635653135353734373837363732
39316432633965316364366533313337616137316434323938323064306538326432663864366231
65303135363132613137653031313762393839333034343334353635313733636164653364626337
35303965623034383836346661383766623930373837313038346365336138633865623966383133
39306266326633653537336639383037353630373839656163353466633235623335666361613735
65633565376435303338323635303932656230343162633166663035643735336464656134346634
35363831353662313134656165373138313938336664363262306565663735373737613532643361
64613237373738353137643661353331323835616366633138323266326234356530383164646564
31656532316563303661
