$ANSIBLE_VAULT;1.1;AES256
63316161656330323161313466613231663536636131313231306434346465333935633166646665
6234336532643935313839396339313661643937333039350a373066366364313736643537363732
33383839393464343561653162383430633363316139393433393837333133363738393432306464
3761336361656533620a656661373333343634306466376432623532613439323334623137633335
33613039623261656366326531383237376336616461653033393931316532623064396235373033
31333363386361383136303637323963633837643832626330393763386661383630303661663931
39643764326262653735373432613837656634383736346162303132626530383266376665343236
37343365366335303130333438396464653463313933333631363033656635393561653934636331
35623339376332396230616433396565633366316236643730336332646536393265303061386638
35323730633430393964366434396262316633633230323237646635636533396331386533373634
32633930656261666666643263353735376534613933643563353830386566646263363232666331
30653265366333383439
