$ANSIBLE_VAULT;1.1;AES256
63646564626366343937633362343266656633623132393233316663326433653834623164393766
3038303235336431326462346263636331663132303330370a613362636363386630326565333433
34393131383736316431393263653030666164373437303463646530323838313362646330383865
3632306261616564320a616631383932383066623238323239336561623534666636386163633464
62626263336563363236373565306164653263653234386631316634313837633530653063636533
32363230393965623339666338656231323461373936343436623866333266656431383438643634
38353866323263396630646234303361313438323533386264653965343366616239623133623762
63353030366434313934346438663534303466666261613336303065393761323239303331376531
31306532643738656532303062633232643261636434663966323235396565356333353132333534
61636132303664653462656566313336633635363837356231303066353332636133336361346261
32643337616632666661643533346665356631663539353130666130663637643239666435653861
32386132343063333364
